733766
733788
733807
733829
733849
733870
733885
733906
733927
733947
733968
733988
734009
734029
734046
734066
734087
734106
734128
734147
734169
734188
734210
734226
734246
734266
734287
734307
734328
734348
734369
734386
734405
734427
734446
734468
734488
734509
734529
734550
734565
734586
734607
734627
734648
734667
734689
734710
734726
734745
734767
734787
734808
734827
734850
734869
734888
734910
734930
734951
734971
734991
735013
735028
735153
735161
735180
735200
735220
735238
735261
735279
735298
735324
735343
735361
735381
735400
735421
735442
735463
735483
735504
735524
735544
735560
735581
735602
735623
735642
735664
735683
735704
735725
735746
735765
735787
735802
735927
735936
735954
735974
735991
736011
736032
736053
736072
736094
736113
736135
736154
736176
736195
736216
736237
736258
736277
736294
736314
736335
736356
736375
736396
736417
736437
736458
736474
736498
736516
736535
736660
736668
736688
736707
736728
736749
736770
736789
736809
736830
736851
736867
736888
736908
736928
736949
736969
736991
737010
737031
737047
737073
737092
737113
737133
737154
737170
737190
737211
737232
737252
737273
737293
737314
737330
737350
737372
737391
737412
737433
737454
737473
737494
737514
737536
737552
737572
737592
737613
737639
737656
737675
737694
737715
737731
737752
737771
737794
737813
737833
737854
737874
737895
737916
737936
737956
737977
737997
738014
738034
738056
738075
738096
738115
738137
738157
738179
738198
738219
738239
738260
738280
738300
738317
738337
738358
738379
738399
738418
738440
738460
738482
738501
738522
738542
738563
738583
738605
738624
738644
738665
738685
738705
738726
738743
738768
738784
738805
738825
738844
738866
738886
738908
738927
738948
738968
738989
739008
739030
739050
739072
739086
739211
739218
739234
739254
739275
739297
739316
739337
739356
739374
739397
739415
739434
739456
739476
739497
739517
739537
739558
739578
739595
739614
739636
739655
739677
739696
739718
739738
739759
739778
739800
739819
739841
739856
739981
739987
740004
740024
740045
740066
740087
740107
740126
740148
740167
740189
740209
740230
740249
740271
740291
740312
740331
740353
740372
740392
740409
740535
740541
740562
740578
740601
740619
740638
740660
740679
740700
740721
740742
740761
740783
740802
740823
740844
740865
740884
740905
740925
740946
740962
741086
741094
741114
741130
741254
741263
741283
741298
741423
741431
741445
741467
741486
741507
741528
741549
741568
741590
741609
741629
741650
741671
741688
741707
741729
741749
741769
741789
741806
741830
741851
741871
741893
741912
741933
741953
741975
741990
742010
742032
742052
742072
742093
742113
742133
742155
742174
742192
742211
742233
742252
742273
742293
742315
742334
742354
742375
742396
742412
742432
742454
742473
742494
742513
742535
742555
742576
742596
742617
742637
742659
742678
742695
742715
742736
742756
742775
742797
742818
742834
742958
742967
742985
743007
743026
743044
743063
743085
743104
743124
743145
743165
743187
743207
743227
743248
743264
743284
743305
743324
743346
743366
743388
743407
743428
743448
743469
743489
743510
743530
743552
743571
743591
743612
743632
743652
743674
743690
743814
743822
743840
743858
743878
743899
743918
743940
743960
743982
744004
744026
744045
744062
744082
744103
744123
744144
744165
744186
744203
744227
744243
744263
744284
744303
744325
744345
744366
744386
744407
744426
744443
744464
744484
744505
744526
744546
744565
744587
744607
744628
744647
744669
744689
744711
744730
744751
744770
744787
744807
744828
744849
744869
744889
744910
744931
744950
744972
744992
745013
745032
745050
745070
745091
745110
745132
745152
745172
745192
745213
745234
745254
745274
745290
745311
745332
745353
745372
745393
745414
745435
745454
745476
745496
745517
745536
745558
745577
745598
745619
745639
745659
745675
745696
745718
745738
745757
745778
745799
745820
745839
745860
745881
745902
745921
745938
745958
745979
746000
746020
746040
746061
746082
746101
746123
746142
746164
746183
746201
746224
746245
746261
746283
746303
746323
746343
746364
746384
746405
746426
746446
746466
746482
746503
746523
746544
746564
746585
746605
746626
746646
746668
746683
746703
746724
746744
746765
746786
746806
746827
746843
746968
746975
746994
747011
747031
747052
747072
747094
747113
747134
747154
747175
747191
747212
747232
747253
747273
747293
747310
747334
747355
747375
747396
747412
747433
747453
747473
747494
747514
747535
747555
747572
747593
747613
747633
747654
747674
747695
747715
747736
747756
747778
747793
747813
747834
747854
747875
747896
747916
747937
747953
747973
747994
748014
748036
748054
748076
748095
748116
748137
748157
748174
748193
748215
748234
748256
748276
748297
748317
748334
748353
748375
748395
748416
748436
748456
748477
748497
748514
748533
748555
748574
748596
748616
748637
748657
748674
748693
748715
748735
748755
748776
748796
748817
748837
748854
748874
748895
748915
748936
748955
748977
748996
749018
749034
749054
749075
749095
749115
749136
749157
749177
749194
749213
749235
749254
749276
749295
749317
749336
749358
749373
749394
749414
749434
749456
749476
749497
749517
749534
749553
749575
749594
749616
749636
749657
749677
749698
749713
749734
749754
749775
749796
749816
749837
749857
749883
749893
749915
749934
749956
749984
749998
750017
750038
750057
750074
750094
750116
750136
750156
750176
750197
750218
750237
750259
750279
750300
750319
750341
750361
750382
750401
750423
750438
750464
750480
750500
750521
750540
750562
750581
750603
750622
750644
750663
750681
750700
750825
750831
750853
750872
750894
750914
750935
750954
750976
750992
751012
751032
751053
751074
751093
751114
751134
751156
751175
751193
751216
751238
751253
751273
751294
751315
751335
751356
751377
751397
751413
751438
751454
751474
751495
751515
751537
751556
751578
751597
751613
751634
751655
751676
751695
751716
751737
751757
751773
751794
751814
751836
751855
751877
751896
751917
751937
751958
751974
751995
752015
752036
752056
752077
752097
752113
752135
752154
752176
752195
752216
752236
752257
752278
752294
752314
752335
752355
752375
752396
752416
752437
752457
752475
752494
752516
752535
752556
752576
752596
752617
752637
752654
752673
752695
752715
752736
752756
752777
752793
752815
752834
752855
752875
752896
752916
752936
752957
752977
752994
753014
753035
753055